393 990 86 939 97 293 15 651 216 378 725 445 527 886 991 890 713 518 640 847 890 
925 158 946 11 528 836 743 613 439 859 524 308 98 549 913 151 939 954 501 925 803 
910 765 465 967 530 541 137 516 793 508 371 288 799 355 193 148 981 870 296 407 536 
967 107 324 123 695 189 335 634 7 631 707 865 470 246 840 499 867 400 171 767 333 
97 175 496 649 177 83 325 580 632 979 536 49 110 363 146 701 84 737 855 962 774 
267 326 385 733 801 44 91 256 28 353 66 723 343 699 443 147 437 210 335 192 340 
340 666 196 376 633 539 43 874 945 734 283 50 709 78 502 387 676 943 406 326 327 
874 545 330 455 786 845 243 661 952 718 448 954 146 197 146 352 633 683 857 905 890 
646 89 182 845 467 213 435 421 885 698 913 975 268 984 876 766 970 764 686 598 594 
577 987 856 42 921 751 294 259 574 493 968 374 574 826 797 713 743 496 957 211 7 
551 7 468 231 673 671 544 888 741 99 613 311 648 365 147 877 494 187 972 922 606 
542 468 627 239 400 739 914 101 793 464 973 665 427 896 777 160 829 616 200 267 93 
207 776 975 282 951 119 997 864 357 180 437 925 487 528 166 4 679 44 89 368 213 
316 591 347 177 405 944 999 489 211 614 645 447 182 842 644 919 910 821 229 128 637 
312 629 480 555 872 850 309 232 828 625 50 149 650 231 110 908 770 750 723 897 424 
867 582 745 951 534 306 746 276 538 170 123 857 437 55 78 299 994 814 579 127 245 
126 279 144 662 904 692 908 850 440 859 711 831 731 527 840 767 625 748 891 470 477 
320 527 639 75 697 841 915 18 575 784 180 82 675 826 346 103 175 767 803 246 928 
13 120 191 370 644 894 644 731 875 522 217 915 145 489 197 706 409 679 152 715 736 
814 581 999 129 105 962 853 819 385 77 560 313 280 361 961 562 668 458 440 186 542 
429 445 601 516 28 27 58 468 89 807 983 338 616 613 467 116 609 765 136 340 822 
444 275 669 586 229 932 185 883 81 698 570 98 221 382 680 809 579 598 819 340 972 
126 146 362 501 10 443 581 495 87 451 696 427 82 1000 314 717 617 669 529 488 265 
926 544 99 40 517 731 139 516 692 362 873 363 900 92 645 301 733 286 707 174 399 
173 517 64 409 704 209 81 151 793 956 497 353 566 783 727 994 779 946 284 95 946 
718 424 465 565 655 403 524 75 378 735 208 978 186 68 615 253 874 156 169 566 710 
145 717 764 754 427 585 192 704 358 691 829 564 171 745 567 834 598 6 173 723 632 
102 401 299 854 692 632 118 970 689 293 901 944 696 219 35 724 264 3 973 570 266 
618 474 302 843 439 183 77 420 676 342 867 272 218 951 934 366 922 431 251 720 145 
609 616 395 883 963 266 744 36 314 576 186 331 592 344 137 247 629 552 894 391 611 
39 184 997 95 269 950 74 613 328 6 384 75 560 502 579 721 302 473 602 910 408 
476 389 607 656 737 615 260 415 211 462 915 44 804 329 450 729 876 449 239 359 259 
994 2 160 824 308 733 910 402 806 410 83 511 858 518 664 724 423 92 738 741 978 
22 145 301 62 592 243 464 814 965 569 230 753 254 16 59 478 271 771 221 7 156 
831 21 442 637 159 218 341 606 113 202 899 706 904 115 605 561 883 385 346 527 551 
104 690 391 640 485 135 384 630 352 126 119 869 388 252 820 533 307 532 905 812 971 
592 289 248 189 854 558 170 432 325 134 423 105 167 598 297 39 202 431 61 724 802 
728 326 814 809 468 706 278 482 94 91 8 66 938 705 669 728 14 910 285 742 377 
979 657 728 826 233 241 5 852 242 1 4 345 80 153 737 292 734 228 400 900 350 
929 736 830 331 737 940 449 289 440 926 624 537 224 781 651 841 498 817 632 947 350 
187 257 693 614 371 85 505 221 53 747 46 165 427 987 86 778 993 152 241 49 148 
788 251 238 685 810 33 572 13 762 18 141 601 680 475 524 919 646 203 57 465 755 
545 806 67 211 227 448 344 802 152 384 553 860 408 866 360 38 170 341 610 618 126 
548 747 758 652 333 463 623 381 40 686 437 897 290 295 614 72 371 312 239 157 68 
693 376 55 13 519 696 290 806 799 816 310 180 923 332 199 839 24 440 189 674 785 
768 668 178 855 619 614 442 402 768 304 846 527 648 146 855 362 70 419 855 413 53 
140 685 681 402 772 499 733 602 76 270 861 652 876 150 668 426 70 526 982 619 856 
582 887 837 928 536 344 914 563 728 923 105 87 911 596 894 243 585 891 388 859 341 
32 386 447 5 758 851 94 760 371 187 295 260 782 878 17 703 250 907 876 248 978 
986 919 209 805 434 235 257 213 390 184 903 210 265 831 897 860 183 336 710 681 789 
852 216 860 788 325 742 119 354 565 896 98 562 4 973 164 805 518 562 513 49 765 
708 28 441 155 96 47 325 114 984 818 443 903 673 408 358 900 771 480 558 446 272 
442 776 6 257 88 256 380 901 319 276 680 12 214 298 763 763 335 725 278 696 707 
92 808 208 891 460 318 183 188 215 390 328 579 812 262 926 249 657 19 27 728 367 
307 806 983 613 982 410 611 608 275 156 767 609 679 285 108 510 292 802 820 950 647 
368 20 703 98 44 344 115 388 577 84 627 157 819 40 857 822 668 171 44 384 949 
740 24 309 952 572 701 596 259 512 81 752 352 846 792 979 178 861 891 887 546 530 
670 270 515 416 967 506 291 720 652 255 395 322 835 400 145 667 840 839 156 423 859 
153 823 80 200 201 634 543 179 364 813 923 427 822 630 400 966 474 613 834 53 831 
550 538 698 713 687 184 511 230 59 202 689 747 214 155 357 661 754 159 98 884 841 
758 903 52 868 536 414 383 163 32 721 656 206 436 963 153 452 555 307 39 577 56 
445 948 309 142 9 781 547 501 696 725 519 636 348 802 436 927 495 103 749 171 439 
874 426 319 609 606 270 853 203 140 750 450 390 85 780 218 212 659 829 384 718 385 
15 869 393 976 512 165 322 955 603 50 536 693 476 516 609 178 254 326 183 3 658 
639 484 470 883 39 796 382 616 648 67 574 457 640 143 308 542 636 934 707 308 878 
114 153 890 610 100 651 707 862 776 166 116 368 384 864 761 828 443 709 427 694 343 
686 789 5 316 903 711 977 67 112 570 967 128 662 941 746 379 563 751 451 357 764 
678 708 137 241 679 522 840 162 287 106 307 328 306 197 178 929 170 390 154 136 211 
36 303 693 636 323 670 129 624 800 846 228 862 684 23 794 789 928 756 164 724 99 
414 627 962 856 537 386 345 795 18 197 408 749 449 316 489 766 891 548 223 715 172 
664 229 648 947 396 291 727 270 435 698 306 816 89 827 493 976 643 162 672 179 157 
457 875 381 900 746 523 660 702 28 948 110 167 771 975 276 438 809 543 6 295 745 
222 289 737 558 29 463 594 983 292 86 634 773 590 531 950 392 297 984 222 639 588 
748 737 287 762 306 991 87 871 133 128 65 832 842 43 930 559 670 41 206 647 882 
387 430 477 340 264 147 352 336 420 776 435 950 902 779 200 262 809 220 383 897 686 
897 375 642 927 377 284 422 310 967 522 103 463 546 993 327 780 771 210 811 592 46 
392 661 94 749 202 527 395 657 88 557 17 986 116 786 757 145 812 782 99 140 29 
750 824 898 538 788 193 688 644 273 714 874 772 832 505 670 472 413 701 734 474 750 
73 740 647 65 421 139 926 126 935 99 463 982 645 382 615 868 638 361 225 442 746 
109 294 32 232 822 737 465 895 139 364 590 566 911 511 431 951 615 283 910 177 190 
449 655 318 245 136 486 477 759 543 735 97 948 87 603 665 148 749 849 361 447 759 
804 344 915 581 764 363 949 714 135 19 27 634 553 219 625 958 106 973 818 214 31 
925 178 151 203 565 634 285 200 163 588 66 128 552 975 216 409 426 637 156 344 484 
427 923 621 404 240 273 40 222 978 111 834 767 470 893 264 221 998 145 539 349 608 
798 379 700 980 801 333 282 526 720 394 196 245 244 498 377 467 680 609 384 647 666 
113 216 151 130 296 55 697 616 124 951 676 179 684 902 626 279 968 133 353 695 220 
611 307 548 753 162 34 492 444 987 504 262 531 6 598 317 893 325 155 83 834 913 
80 768 947 796 809 851 443 321 206 704 998 17 939 579 648 928 253 820 26 87 966 
148 145 859 611 318 887 349 836 649 13 163 691 70 153 160 465 205 277 408 293 316 
520 534 670 106 74 593 859 257 74 876 185 291 705 709 806 871 724 817 171 443 166 
614 575 460 829 832 729 588 686 704 942 739 355 650 604 617 916 294 174 267 924 378 
281 452 661 710 222 886 630 712 330 153 28 88 74 491 583 22 474 272 583 203 600 
820 150 614 973 695 688 848 868 185 920 682 182 878 84 461 485 915 372 385 215 954 
423 931 957 818 264 697 381 787 39 344 836 816 330 112 120 645 133 285 38 291 487 
242 247 146 815 9 569 919 799 254 771 278 944 629 576 810 102 265 23 450 286 319 
570 622 861 825 55 331 619 391 596 970 592 43 342 320 549 388 107 498 534 334 606 
423 574 192 707 402 572 126 787 608 557 999 610 543 329 570 288 104 978 861 573 782 
283 742 833 487 446 845 82 123 817 473 135 330 689 306 405 243 991 816 792 91 170 
474 116 754 558 225 604 876 971 606 891 926 617 985 825 760 59 308 64 210 361 119 
744 578 434 877 687 621 225 471 893 291 448 47 600 376 450 808 755 48 286 292 588 
11 729 94 926 810 938 689 44 817 724 784 319 693 40 24 849 695 913 755 915 857 
100 238 229 633 455 93 228 580 769 494 289 285 67 147 479 30 494 884 597 101 548 
812 717 763 739 315 379 34 544 468 954 229 536 15 524 924 869 226 17 687 734 772 
42 403 624 130 798 371 364 933 420 169 713 148 298 901 156 302 813 381 380 474 610 
102 859 563 357 521 994 486 616 842 116 670 942 893 703 554 233 42 582 397 97 763 
946 334 925 474 841 217 879 585 999 238 915 196 797 512 720 410 680 145 258 308 620 
876 743 460 920 299 337 274 875 282 27 267 287 211 432 876 45 44 352 669 289 286 
708 25 79 15 492 372 390 379 375 374 37 366 83 448 667 77 398 324 667 277 268 
474 552 756 921 520 941 447 433 298 680 515 30 586 56 833 907 442 829 428 207 119 
391 28 419 72 417 432 511 240 543 823 762 816 870 471 465 617 635 538 138 311 918 
118 193 442 776 780 315 218 548 132 193 344 634 734 863 261 417 508 438 325 14 806 
270 364 448 766 640 628 158 181 139 653 59 421 477 407 752 586 189 244 875 395 278 
409 879 36 879 46 532 513 977 140 288 332 976 367 270 575 758 812 470 921 460 676 
933 282 666 321 119 961 585 705 450 953 143 697 933 239 50 332 97 487 665 572 966 
415 344 176 633 204 634 911 460 284 476 139 454 924 47 49 709 299 750 657 762 678 
737 385 764 325 82 735 832 838 6 462 647 129 565 856 144 252 822 461 943 479 988 
979 846 171 110 479 587 742 214 867 770 970 215 600 37 264 29 974 697 38 8 977 
19 152 113 574 955 222 840 559 663 467 76 3 339 910 381 522 672 116 695 439 818 
829 1000 335 343 702 836 945 501 392 182 310 539 686 114 139 762 148 481 253 829 118 
12 124 783 863 125 115 348 692 498 887 259 624 715 301 202 41 567 417 827 34 545 
373 286 914 817 535 878 429 40 918 272 58 884 734 801 349 37 985 928 262 511 897 
988 17 561 235 831 127 869 566 339 469 546 405 36 396 54 385 318 761 15 955 288 
358 204 96 562 520 159 581 651 530 814 797 518 274 634 897 69 722 280 975 478 266 
206 903 493 748 80 954 251 976 172 483 870 537 531 810 313 360 425 679 453 416 766 
788 599 489 70 606 524 873 222 869 531 824 984 618 290 962 201 681 852 970 17 951 
633 333 850 725 310 453 580 310 662 56 689 245 833 128 277 171 893 772 472 112 794 
374 839 863 754 318 143 343 841 703 788 830 657 233 497 25 425 679 568 762 71 802 
949 953 363 950 326 423 103 130 390 743 876 750 466 437 606 240 987 195 18 272 229 
313 486 101 392 301 307 823 605 116 631 222 803 800 342 314 98 219 778 341 991 674 
232 615 602 933 796 672 397 830 960 299 822 920 521 857 878 786 147 427 643 476 223 
332 627 617 305 646 441 206 166 244 413 226 326 465 415 966 902 239 461 15 90 545 
782 658 393 565 117 655 449 940 601 969 189 365 148 109 796 273 707 57 980 895 374 
359 934 395 577 409 732 243 82 159 608 835 60 96 895 505 923 421 30 339 672 748 
267 767 519 387 672 515 216 931 859 103 251 208 913 799 800 694 253 509 53 78 259 
55 881 289 514 477 697 540 249 734 784 452 889 435 173 204 331 364 792 549 140 818 
4 14 126 972 459 972 825 310 54 995 634 231 437 86 130 657 959 107 546 767 833 
818 645 482 964 720 256 340 762 887 781 513 481 960 822 970 508 724 40 828 349 471 
565 681 424 358 623 742 652 91 138 980 987 766 593 234 869 502 468 563 191 944 744 
108 881 335 952 754 329 149 651 769 90 313 501 559 273 234 962 874 2 635 552 215 
381 79 181 237 215 758 769 753 879 513 613 204 62 371 620 810 810 776 336 284 13 
130 665 152 385 401 882 646 423 523 628 143 193 494 319 482 916 801 806 463 130 873 
434 383 926 171 402 995 113 620 706 204 277 241 593 275 969 269 975 635 148 181 983 
36 261 538 81 177 306 423 771 75 447 633 649 447 802 247 723 765 829 490 62 347 
627 607 598 114 895 803 66 96 297 207 848 997 2 300 466 977 74 519 633 38 912 
352 698 642 370 984 318 105 125 682 870 512 391 828 606 684 75 997 906 268 110 73 
695 964 263 355 171 292 260 858 207 937 499 919 107 666 661 710 699 901 834 819 521 
643 89 375 788 833 159 867 871 609 946 892 844 472 398 304 819 209 256 920 85 882 
761 478 406 734 365 856 227 339 60 14 104 972 57 665 157 241 297 684 570 22 518 
720 392 121 261 538 426 264 877 288 172 123 682 196 283 205 216 31 733 201 179 402 
634 643 750 985 507 420 842 745 770 90 426 716 514 112 214 706 240 209 988 186 915 
971 517 265 584 193 911 483 969 105 998 144 287 16 513 32 477 483 419 138 703 687 
854 680 163 243 583 712 902 548 878 783 74 569 492 135 623 721 426 867 624 498 367 
191 935 435 274 141 948 372 385 206 225 828 642 126 369 611 432 555 515 465 185 351 
490 663 869 579 103 101 160 479 537 659 868 752 379 692 617 289 414 864 607 85 657 
513 214 900 479 680 867 420 808 825 133 337 778 292 113 328 425 789 99 488 556 238 
54 827 114 28 710 396 381 335 683 400 478 190 881 258 842 747 654 818 275 10 604 
830 98 400 424 668 451 225 881 774 841 410 749 135 29 665 376 485 201 458 183 871 
633 59 76 401 660 938 139 286 735 85 828 557 690 459 41 679 904 833 963 552 329 
487 744 260 706 508 25 220 232 807 713 401 457 1000 583 632 676 215 864 847 537 331 
158 655 107 309 638 162 501 181 689 215 571 613 337 971 195 214 183 210 684 720 314 
455 750 574 306 896 178 368 341 318 891 474 66 667 676 854 157 13 356 894 59 562 
896 228 558 132 400 117 499 167 773 899 833 56 704 627 37 313 767 791 892 306 700 
460 144 10 270 598 815 79 276 970 120 34 639 908 176 558 991 771 508 978 329 418 
320 949 208 384 383 410 122 706 500 909 332 984 568 508 144 877 28 769 229 930 346 
943 520 294 231 394 498 943 332 172 194 644 557 438 845 358 145 588 931 171 956 780 
779 885 937 160 490 859 948 514 880 975 559 776 267 88 731 808 912 616 977 685 287 
545 601 314 127 203 171 886 194 73 21 833 266 525 669 71 420 313 767 3 820 751 
168 429 921 363 187 687 386 992 572 92 537 152 476 697 191 329 965 289 760 900 423 
4 177 175 834 520 519 837 108 483 569 892 5 439 833 256 313 15 303 182 365 841 
487 635 710 893 940 358 151 885 252 972 930 484 54 91 89 196 218 328 636 155 344 
13 717 214 131 37 395 729 903 586 188 93 689 689 335 835 902 596 169 937 839 673 
509 26 139 745 977 890 493 355 751 851 984 641 610 337 560 740 618 93 659 516 761 
576 543 378 350 414 534 330 650 581 1000 987 402 870 367 825 164 107 865 708 821 50 
97 58 570 33 103 763 741 626 201 732 691 729 458 366 260 540 987 295 811 130 527 
498 583 47 67 467 896 687 165 389 718 864 380 455 374 934 592 876 726 873 860 746 
172 633 689 614 73 685 341 445 452 768 756 854 229 381 797 255 846 413 537 621 49 
359 759 544 918 543 636 141 499 865 353 518 50 239 269 448 997 578 372 947 29 854 
104 71 91 417 744 989 270 942 670 532 695 156 861 949 449 308 154 456 798 731 866 
456 989 908 541 261 280 971 481 417 117 389 762 462 819 259 553 221 8 337 563 81 
504 906 931 278 337 782 146 852 789 319 742 185 311 408 393 813 137 871 67 455 646 
12 466 705 635 570 34 183 92 303 760 294 292 743 683 123 836 693 389 889 912 500 
789 543 687 146 561 393 522 78 923 109 662 236 569 545 197 199 458 788 601 719 885 
258 915 363 756 220 555 640 201 495 113 706 208 587 908 938 22 959 425 418 768 876 
566 53 662 559 199 322 721 466 40 338 339 965 964 719 486 825 686 400 753 430 535 
90 126 54 655 242 599 465 503 736 250 466 414 254 186 689 538 906 720 563 729 319 
601 935 465 787 834 410 613 388 986 518 361 132 135 198 424 919 660 765 987 907 481 
808 845 112 587 945 381 407 206 173 876 695 160 56 784 334 759 592 767 893 390 719 
208 31 988 421 367 708 886 13 775 57 198 814 621 234 163 398 634 74 163 306 577 
442 118 281 418 384 846 273 470 914 300 521 268 84 596 874 755 519 499 728 801 106 
600 77 388 940 753 23 167 643 736 489 279 407 590 160 206 755 373 271 928 21 60 
781 396 771 103 156 214 904 38 262 738 231 583 403 147 120 974 790 125 177 996 161 
15 847 533 78 654 981 86 616 470 259 327 185 722 667 510 85 254 824 812 262 994 
400 204 818 18 372 57 106 388 461 711 516 241 657 917 483 72 926 353 94 240 246 
836 254 644 836 584 460 204 110 751 746 713 372 910 792 473 936 474 603 804 374 41 
889 997 374 789 960 973 711 772 399 37 310 635 109 995 135 181 225 816 772 790 329 
543 860 149 551 871 693 777 353 260 981 379 672 443 709 509 387 605 247 569 213 783 
650 13 164 415 908 157 844 193 455 178 923 867 671 762 462 925 395 599 956 846 673 
276 633 627 15 214 246 488 936 431 663 516 339 873 973 208 826 529 229 25 681 706 
808 574 870 516 413 3 737 579 844 152 99 677 292 412 748 119 848 110 735 743 93 
861 161 663 151 254 282 472 740 422 914 246 97 520 8 107 739 521 287 438 817 275 
467 757 385 855 843 984 336 230 326 48 830 98 2 376 145 864 227 91 721 313 258 
982 732 65 198 927 226 87 255 207 972 47 936 84 96 292 804 881 688 810 485 50 
884 858 161 315 5 623 638 721 196 282 920 107 490 73 576 529 105 357 790 230 307 
267 763 690 58 19 80 427 247 848 940 150 478 127 572 560 74 851 211 554 941 728 
52 892 211 143 533 160 360 410 383 91 815 9 691 1000 885 379 527 318 653 544 513 
442 52 775 348 808 832 836 505 14 877 245 447 689 872 612 486 765 888 911 696 527 
161 847 721 669 874 606 873 256 914 372 215 184 31 27 704 761 823 906 264 454 210 
471 537 627 511 785 874 911 335 644 569 513 535 790 180 209 842 50 484 563 334 771 
684 328 749 995 33 670 423 588 794 385 830 471 393 377 234 771 930 398 798 281 715 
569 499 422 349 133 515 184 907 30 353 684 976 985 295 143 134 860 608 915 956 479 
303 357 496 459 743 117 141 186 821 846 718 832 675 990 604 344 839 600 324 602 707 
560 245 195 437 286 448 741 418 192 337 641 951 665 501 402 344 638 20 164 933 482 
873 677 57 784 40 674 204 241 791 461 732 815 896 462 696 666 54 960 261 152 310 
166 540 50 401 45 172 885 871 147 340 918 813 96 164 58 545 652 524 941 78 105 
364 137 596 683 270 801 673 13 841 574 278 46 56 986 899 844 427 379 485 647 3 
74 113 321 187 341 33 733 854 114 518 342 836 413 30 449 577 172 969 709 231 969 
431 201 930 367 572 960 908 680 214 569 795 918 222 201 312 129 205 301 2 833 162 
58 514 805 449 280 479 539 941 631 333 584 681 712 42 674 868 935 785 548 899 816 
339 74 228 592 394 654 256 900 455 754 927 152 831 975 587 393 826 853 766 675 117 
404 37 355 792 507 178 92 985 15 940 380 706 518 162 428 49 651 168 307 455 189 
376 597 284 556 204 627 913 652 795 818 149 149 459 600 724 585 534 292 108 80 224 
254 186 345 928 959 29 594 181 386 921 265 243 682 736 684 853 822 19 54 485 43 
367 811 234 81 134 750 74 249 514 248 968 589 746 4 535 440 150 225 864 535 221 
536 368 240 114 462 110 210 106 372 467 950 465 349 907 357 766 728 643 146 468 759 
340 465 338 831 471 975 597 721 737 12 244 368 304 415 716 36 806 952 349 734 14 
380 45 461 277 916 812 64 428 319 992 357 67 122 666 282 559 981 312 66 647 536 
252 786 939 125 133 980 30 904 908 619 806 252 770 113 705 943 680 958 323 345 783 
522 669 265 810 164 568 881 680 211 930 987 798 398 104 372 556 679 965 848 623 933 
394 334 136 474 271 781 530 498 328 111 65 469 155 757 370 175 369 716 77 310 716 
174 346 699 504 235 779 949 980 730 550 394 739 635 471 752 382 471 435 819 852 354 
663 151 325 391 394 825 11 764 784 321 386 368 113 307 250 803 425 878 771 189 497 
379 744 242 703 354 934 979 913 714 711 48 231 560 2 653 146 819 950 923 375 405 
887 233 225 956 95 243 182 825 57 793 184 848 882 555 592 962 617 203 774 632 360 
787 259 120 35 194 338 677 745 329 28 226 649 898 564 967 199 499 338 815 814 39 
316 881 104 518 962 990 140 431 200 66 896 171 601 759 527 587 898 38 900 500 750 
183 128 114 456 548 129 363 781 680 43 118 43 213 931 388 773 591 706 949 129 171 
822 110 411 677 143 106 203 432 561 430 148 950 573 865 679 562 325 172 232 220 768 
847 734 166 362 732 745 885 608 439 479 450 819 366 440 809 267 718 379 737 741 958 
128 165 488 64 991 923 636 269 705 971 36 40 742 410 734 894 270 800 329 741 316 
294 670 706 808 292 842 15 236 954 635 5 497 437 936 14 834 197 86 615 121 741 
688 675 329 274 559 299 501 927 211 925 223 448 568 211 395 70 837 822 28 971 305 
730 823 414 702 483 399 73 34 944 161 305 52 120 281 438 988 914 492 900 782 689 
232 8 113 272 984 751 243 122 997 492 759 141 810 944 129 400 790 359 321 306 407 
176 15 205 293 933 582 788 828 853 667 424 55 726 80 593 193 518 308 827 597 644 
878 559 994 147 586 388 631 679 123 293 509 138 953 924 276 681 540 975 694 123 978 
987 924 706 582 422 933 989 74 778 734 140 646 310 975 646 929 231 690 848 790 807 
409 407 803 500 896 952 703 381 409 549 618 625 215 867 906 320 717 282 835 741 991 
813 526 341 185 498 573 409 255 499 549 66 189 775 757 246 728 907 86 917 52 245 
980 282 288 90 285 390 423 22 911 183 240 380 86 369 192 567 958 331 526 921 566 
830 759 465 262 241 100 58 810 112 73 289 248 830 23 303 286 49 228 105 415 493 
497 148 536 892 92 917 781 332 223 216 114 401 329 206 327 957 252 269 707 501 287 
731 932 302 908 322 886 256 676 91 483 225 762 308 257 253 349 883 994 677 210 144 
640 165 242 462 679 26 944 291 712 700 805 425 963 193 719 83 236 819 608 579 738 
858 251 171 740 572 260 3 876 788 104 819 233 49 138 737 143 545 616 997 634 334 
341 659 131 159 681 873 130 786 998 442 364 569 396 170 951 50 183 619 428 323 735 
471 620 526 25 967 263 1 388 611 760 410 670 227 717 785 696 638 997 54 351 216 
571 228 541 89 658 430 848 508 209 562 616 989 938 379 975 591 374 883 900 245 947 
176 936 191 24 582 885 136 911 62 308 13 52 870 318 64 110 232 45 950 268 247 
476 541 962 472 892 91 300 766 472 363 762 960 115 585 148 758 121 784 352 794 340 
145 66 916 272 655 891 593 168 497 213 516 562 487 877 445 48 609 730 226 641 549 
110 635 16 175 907 682 955 349 975 547 214 891 123 792 161 237 528 888 440 900 907 
505 729 771 275 483 11 866 768 999 389 738 838 384 509 234 443 417 154 721 773 695 
68 573 759 313 962 75 190 109 916 952 239 204 891 224 619 849 717 246 845 214 918 
755 435 936 67 537 924 955 936 138 450 625 637 709 535 223 868 554 916 489 718 877 
120 303 871 32 782 351 399 940 418 998 178 312 797 865 762 830 7 449 500 729 581 
798 185 860 803 195 517 639 155 106 101 475 719 721 940 497 43 342 191 573 735 335 
267 169 923 989 731 591 139 746 494 742 614 992 879 554 170 364 767 957 530 587 617 
442 763 3 892 44 91 21 991 578 994 210 31 277 990 204 476 341 562 390 13 9 
942 526 185 286 733 490 457 483 538 633 186 282 237 620 662 448 717 596 61 817 494 
230 536 406 117 252 799 800 233 317 907 786 829 33 398 826 451 797 106 80 83 190 
256 234 148 276 938 607 426 588 35 426 785 699 525 210 993 351 98 424 442 160 935 
144 946 688 183 444 469 206 684 429 708 817 179 507 993 299 856 839 58 828 71 279 
908 385 726 466 249 101 143 709 733 246 610 277 606 211 498 845 490 29 678 402 366 
851 371 45 364 714 768 745 628 228 467 518 230 681 314 70 158 108 997 350 906 64 
354 31 528 402 440 309 11 272 488 151 416 938 312 832 340 240 243 581 328 709 814 
721 840 674 451 270 400 294 555 780 320 797 880 838 841 374 633 779 16 873 498 19 
323 40 315 52 722 526 527 491 456 270 72 734 385 917 976 433 526 890 83 703 55 
21 276 252 777 246 838 9 280 695 772 936 494 661 826 624 941 610 389 971 713 223 
496 678 770 121 713 48 33 441 908 559 288 312 383 944 279 754 877 949 604 299 126 
180 746 615 590 509 846 766 973 868 214 657 248 104 690 390 935 491 520 266 190 524 
379 103 23 473 627 875 639 288 811 171 288 688 231 264 952 867 148 426 480 151 477 
506 247 374 330 828 896 954 228 533 225 509 551 289 933 752 47 200 381 754 982 425 
274 980 812 512 551 594 744 181 252 676 662 717 781 278 202 164 765 821 108 418 69 
931 981 694 602 277 400 329 958 507 988 941 477 231 457 109 698 394 393 318 619 651 
802 79 739 881 537 53 462 524 217 946 914 942 172 71 429 968 425 943 753 514 494 
222 39 667 312 585 699 866 577 56 356 636 641 162 839 519 128 383 124 382 482 148 
17 198 349 867 101 96 31 33 288 409 884 700 321 702 926 12 993 420 29 304 222 
614 490 77 866 192 254 435 565 604 544 905 464 555 63 922 684 751 5 599 914 398 
101 503 132 337 958 540 619 198 815 136 427 618 374 784 204 707 756 416 587 750 915 
639 480 676 587 773 993 211 841 258 47 354 113 456 494 924 6 99 915 81 255 552 
394 337 420 252 70 610 729 462 436 732 210 552 818 659 521 418 827 341 835 632 934 
957 145 6 649 703 542 464 816 148 156 478 995 808 469 528 278 643 294 174 578 117 
526 692 60 870 184 252 668 357 532 428 193 86 981 369 284 801 679 652 858 57 887 
540 318 962 160 972 710 359 595 775 692 291 526 881 696 950 456 824 443 594 44 891 
503 127 356 849 302 395 473 62 409 894 72 289 667 310 382 489 612 974 31 953 905 
60 355 489 972 203 243 688 832 46 426 583 145 966 871 983 825 622 83 334 901 484 
126 438 562 19 358 294 762 511 331 93 331 49 724 732 274 740 934 251 427 519 607 
375 693 460 78 467 420 663 845 188 134 923 721 393 971 842 490 611 838 196 942 738 
761 770 290 600 280 875 252 386 573 246 459 147 860 969 88 691 407 825 201 889 205 
811 554 260 78 419 815 49 818 523 337 592 739 623 117 631 40 726 635 659 828 507 
188 164 190 124 269 977 250 67 532 548 344 948 113 767 283 742 15 455 277 725 547 
55 953 359 372 440 201 310 315 32 665 237 949 161 756 991 782 36 165 932 633 749 
312 405 141 873 435 922 178 525 855 234 93 224 379 315 168 420 171 219 317 929 308 
262 532 491 300 672 275 581 584 621 398 461 774 223 639 466 364 961 799 731 560 58 
286 354 905 483 488 810 798 244 921 932 430 988 370 280 327 8 723 178 387 382 131 
427 920 482 935 826 351 209 247 858 464 868 231 398 403 975 725 626 922 683 430 555 
149 944 766 202 478 807 823 629 671 423 81 167 544 926 76 698 125 371 66 233 239 
610 752 466 194 255 910 660 287 798 173 238 339 546 504 545 688 381 63 894 978 232 
832 818 804 875 902 753 396 39 439 33 621 730 1000 601 44 139 252 321 701 662 501 
115 550 794 170 67 28 545 489 860 837 952 143 755 390 848 46 55 558 156 422 441 
714 413 616 304 474 98 294 792 268 243 559 252 784 575 58 378 868 85 104 111 457 
848 951 434 893 335 628 901 754 324 17 721 918 810 31 705 917 189 61 802 997 853 
978 873 24 667 104 629 407 823 2 855 796 73 527 160 433 630 559 746 39 189 93 
913 2 579 934 931 555 356 913 389 422 467 951 664 470 660 117 53 213 16 1000 69 
728 824 856 708 497 462 544 438 991 592 932 138 332 414 804 734 22 127 385 139 216 
334 390 939 769 571 313 657 918 959 705 584 643 264 25 238 407 830 542 825 97 421 
686 595 806 676 146 562 165 453 654 484 348 207 302 241 251 232 851 761 753 150 750 
464 79 64 299 150 546 704 2 380 829 988 451 956 454 997 720 792 743 872 535 862 
152 804 415 43 531 130 459 997 17 123 558 397 91 623 582 693 666 90 467 270 875 
188 426 46 374 49 77 496 806 502 789 27 494 349 251 440 369 339 347 542 603 848 
42 304 646 622 649 658 584 429 202 592 835 807 987 928 260 168 257 904 313 888 511 
811 909 804 351 528 277 585 288 115 240 99 673 265 466 397 221 614 714 201 263 137 
597 211 151 746 642 497 398 178 440 926 974 588 460 399 518 795 680 949 541 285 256 
853 412 518 718 404 889 743 537 854 961 625 961 193 574 421 111 381 817 173 347 864 
858 512 277 567 110 658 520 327 696 626 811 589 11 769 250 682 654 472 901 340 401 
168 944 593 87 719 627 669 165 906 874 69 482 814 159 244 207 228 654 575 521 797 
130 525 477 881 430 697 387 70 951 346 478 343 776 906 395 955 213 710 112 856 845 
30 807 807 666 870 986 777 922 596 657 995 267 147 146 646 538 727 673 355 965 529 
809 653 906 518 609 214 727 827 586 895 532 123 200 42 958 621 575 42 149 183 456 
502 184 376 308 553 71 941 896 686 753 354 337 530 231 395 482 666 160 611 540 823 
191 540 438 687 563 176 661 382 301 249 837 837 831 172 808 481 275 859 687 967 257 
946 495 567 861 626 174 22 264 621 718 673 990 897 168 686 305 185 189 389 636 823 
433 672 66 231 289 543 543 656 14 183 487 476 739 819 126 651 484 307 928 922 351 
100 618 162 215 296 376 798 662 816 320 292 979 383 39 984 109 9 555 94 791 396 
49 847 84 734 336 333 388 87 870 314 232 456 905 886 274 316 32 672 73 110 739 
927 388 731 272 368 956 546 136 283 263 145 849 698 266 993 949 354 967 12 875 101 
408 790 741 510 218 859 129 430 205 343 492 351 443 716 348 520 7 47 92 760 625 
347 926 174 351 131 708 512 477 506 327 554 952 309 620 362 791 347 356 970 331 588 
162 309 641 720 451 614 462 569 217 109 706 932 616 387 120 916 501 496 813 304 211 
219 959 917 560 122 912 751 463 386 283 308 15 433 278 601 829 562 80 97 981 106 
517 675 391 953 920 44 736 114 280 454 805 374 318 911 23 821 374 580 340 583 916 
895 298 171 897 294 330 246 342 775 842 574 400 593 483 991 117 372 732 526 821 548 
527 268 405 818 691 613 144 196 401 129 111 437 171 627 843 584 402 48 55 977 935 
226 875 85 796 590 335 451 563 243 789 491 855 653 387 326 459 304 295 733 200 632 
467 183 82 792 707 30 557 858 748 705 148 431 408 23 994 111 991 762 981 434 408 
266 567 552 456 284 903 519 842 106 583 203 449 844 391 475 418 200 907 298 276 422 
48 370 796 663 877 880 221 944 952 620 845 97 342 191 598 3 350 538 442 72 1000 
156 472 525 906 372 543 46 628 192 216 521 421 118 250 734 309 729 24 101 661 903 
373 824 923 296 514 187 42 457 623 937 266 305 745 25 188 67 595 529 264 942 704 
785 34 634 151 115 755 228 352 961 276 811 439 832 352 100 7 236 738 331 88 549 
725 739 267 840 243 728 957 152 424 379 899 230 567 693 526 390 741 679 951 253 645 
690 364 512 804 803 827 247 878 961 182 66 857 514 527 90 760 410 654 35 546 838 
450 264 221 496 37 528 164 428 354 96 65 306 411 873 751 412 54 243 583 875 888 
962 205 422 341 664 180 291 886 539 440 392 332 760 106 59 756 272 217 713 356 770 
582 477 181 698 801 833 25 873 491 417 367 484 379 758 476 537 621 897 724 335 208 
617 474 981 319 822 628 142 458 118 3 20 694 673 985 315 858 776 564 551 923 283 
882 497 123 323 797 917 957 109 417 711 556 592 899 888 940 273 773 739 281 661 903 
517 343 254 240 132 658 922 822 319 415 825 874 335 475 117 655 941 970 230 84 660 
554 599 120 367 194 91 718 510 909 629 921 861 923 398 770 102 305 455 207 377 720 
978 422 952 308 948 891 904 430 382 486 93 36 724 673 772 823 5 96 375 629 509 
713 45 345 703 806 720 968 63 385 923 268 567 783 76 398 288 208 566 320 571 327 
626 505 720 349 311 788 400 482 103 331 830 654 524 896 819 221 795 413 866 810 783 
477 536 317 514 514 416 727 312 839 927 413 724 761 147 268 190 962 777 325 541 270 
88 449 218 154 584 62 445 705 559 194 477 513 181 327 850 558 814 432 756 869 160 
499 929 668 533 503 11 200 995 480 777 998 283 825 136 374 655 482 104 45 271 42 
451 690 917 222 748 267 1000 26 677 273 406 903 28 458 374 222 70 573 29 212 515 
667 150 231 53 260 575 40 212 695 634 113 83 303 50 817 649 210 927 6 776 131 
851 194 186 195 437 81 821 139 974 889 468 261 395 675 369 732 242 473 591 521 552 
729 445 631 698 873 72 553 819 659 919 203 637 275 45 775 995 222 418 97 47 358 
195 364 760 724 948 694 438 157 539 681 129 927 767 868 406 253 81 762 403 994 201 
769 422 459 628 926 520 120 940 935 584 36 33 856 190 898 815 730 300 107 200 473 
740 541 211 725 70 694 52 436 376 346 343 21 52 697 199 976 756 269 164 53 505 
514 629 522 900 278 921 176 316 211 28 256 498 963 632 594 938 412 906 239 707 540 
295 368 959 886 103 549 183 885 489 67 153 561 175 904 844 968 914 280 398 303 257 
222 483 72 47 315 609 958 107 898 330 959 867 432 465 26 763 406 784 513 315 345 
458 48 943 683 941 327 371 275 274 84 198 627 815 5 934 944 108 61 965 511 150 
708 635 54 241 756 844 137 745 953 434 631 698 792 750 372 382 276 27 375 791 437 
708 630 46 226 400 289 275 320 802 5 646 219 798 523 78 428 392 864 56 28 799 
725 42 713 187 313 96 222 547 942 686 112 954 921 535 918 546 838 838 744 17 372 
196 411 252 877 889 963 465 841 374 51 361 339 546 906 694 148 979 366 825 390 47 
501 880 788 844 825 102 760 645 516 323 204 982 997 53 70 938 225 663 694 930 662 
161 633 81 107 488 419 966 396 615 513 82 173 278 581 267 949 491 973 128 693 206 
693 389 944 722 268 377 485 664 37 622 755 237 752 945 694 96 200 427 95 901 853 
119 568 717 557 605 311 65 614 142 738 468 96 73 781 169 393 709 888 462 392 152 
485 23 822 248 216 358 698 1000 200 825 404 373 301 76 732 697 730 873 500 128 756 
221 267 426 987 541 276 328 986 824 110 425 794 415 117 991 100 426 417 598 238 461 
141 645 628 548 490 281 507 122 429 878 491 656 127 807 907 603 732 976 970 599 375 
617 651 699 195 62 943 997 460 333 298 576 719 88 447 99 816 899 741 948 651 840 
862 741 965 617 837 821 27 518 440 410 667 336 511 861 762 933 684 543 997 821 955 
99 780 43 524 547 756 601 318 184 629 45 662 220 131 456 632 122 176 938 405 961 
370 766 927 813 272 963 737 382 99 181 810 885 643 137 107 484 192 865 382 357 810 
647 858 454 579 428 405 59 875 803 745 268 628 522 634 929 399 865 622 380 598 503 
486 486 380 417 245 812 370 979 102 851 788 452 291 578 323 141 59 647 500 107 283 
124 489 493 465 443 726 240 733 176 694 377 168 382 511 282 465 749 604 665 134 819 
442 85 208 272 981 403 987 598 179 424 412 632 65 535 739 818 125 269 939 26 420 
900 992 982 236 253 400 286 269 681 997 803 332 58 498 529 1000 597 908 248 256 219 
771 977 532 776 801 215 76 795 682 427 406 904 189 853 740 434 322 496 108 989 396 
742 466 771 993 419 195 4 263 166 523 772 337 117 666 312 787 417 883 9 346 954 
349 956 480 28 957 121 678 762 467 587 594 337 68 439 860 25 912 480 52 79 453 
554 726 326 844 742 856 904 226 454 955 496 546 362 840 929 200 889 557 12 217 444 
880 382 578 471 676 504 630 545 530 412 36 87 497 188 504 636 656 388 537 563 404 
251 355 696 574 446 302 740 454 719 366 263 566 900 420 555 960 98 125 527 977 211 
946 545 314 830 688 368 397 206 696 120 765 429 273 735 705 627 309 24 506 433 754 
486 987 75 930 571 105 286 541 721 698 526 301 225 787 692 266 211 541 621 799 29 
751 622 325 527 818 214 182 214 721 717 517 55 735 556 964 215 374 933 86 392 789 
797 206 7 625 526 944 12 576 362 391 82 482 892 902 855 984 345 402 134 282 744 
695 419 963 614 523 839 976 141 568 77 833 158 214 195 951 628 256 821 783 315 998 
654 485 153 459 241 69 388 592 496 549 700 88 762 543 754 357 146 222 97 627 813 
207 907 92 141 827 839 340 188 929 66 829 10 625 628 590 939 726 101 663 131 451 
848 633 4 674 870 204 425 369 294 504 75 79 267 823 620 653 79 931 402 343 591 
845 535 13 86 414 246 869 174 673 688 164 996 96 32 45 788 942 388 777 774 733 
910 104 927 841 761 6 810 293 255 609 560 684 962 794 70 419 122 666 527 429 7 
431 265 310 776 136 564 973 331 749 120 219 797 498 734 793 508 637 42 594 507 334 
879 436 918 127 204 157 335 844 934 187 744 941 550 940 362 914 876 375 669 462 764 
699 953 734 696 543 765 868 94 298 190 919 540 708 610 741 961 780 852 388 637 651 
211 254 363 784 959 443 102 446 940 963 379 739 402 772 518 171 715 264 599 701 303 
483 301 251 133 540 283 40 147 770 571 509 535 105 689 940 935 740 545 465 798 13 
484 741 832 667 366 437 736 732 731 467 351 475 780 803 472 67 965 753 730 557 601 
897 734 334 895 334 393 381 974 392 20 475 911 704 738 428 267 853 250 813 981 324 
342 599 56 851 195 275 108 567 10 37 213 167 478 726 589 728 479 197 12 170 734 
854 269 459 282 158 474 379 106 766 146 64 252 582 674 27 990 523 362 730 971 291 
897 119 256 705 996 249 535 45 51 425 956 598 476 904 966 146 173 655 736 181 804 
615 561 176 33 715 432 44 918 90 796 655 533 537 444 566 347 89 178 340 340 764 
53 490 767 534 959 544 475 842 692 58 378 970 252 390 997 747 451 477 280 792 943 
256 696 886 305 782 954 40 224 451 357 779 282 795 683 445 933 223 884 242 413 574 
300 183 510 792 894 171 93 871 33 346 834 247 122 380 153 464 905 958 529 610 208 
207 715 344 314 565 831 847 137 680 924 313 83 680 328 437 445 251 527 914 768 98 
862 804 243 916 258 365 369 299 916 232 229 70 848 914 291 886 335 337 129 661 906 
426 550 947 359 174 529 467 41 933 925 222 995 358 188 839 941 876 825 583 178 61 
683 305 529 920 327 1000 323 405 916 135 620 314 69 306 838 874 259 212 506 200 489 
960 329 133 708 243 178 334 762 234 916 866 458 64 958 419 909 99 716 18 251 808 
221 480 553 211 428 666 137 396 220 556 451 919 71 610 555 674 528 179 51 668 927 
903 442 716 454 874 605 439 402 705 581 63 444 301 993 648 64 238 133 380 61 321 
419 538 326 61 338 355 441 26 36 437 982 219 916 611 458 390 527 109 773 946 746 
499 448 96 157 200 883 997 839 205 30 919 546 91 238 781 431 261 483 596 909 694 
120 423 319 15 298 711 100 795 956 84 819 934 978 826 125 51 61 911 309 661 247 
180 758 145 687 555 533 50 343 320 175 653 652 74 323 710 654 524 523 554 585 183 
727 631 130 555 826 449 510 742 65 222 952 811 298 940 289 494 873 361 61 967 113 
363 323 829 993 394 557 854 844 203 258 564 166 838 888 826 660 778 877 199 483 343 
968 226 483 708 396 431 309 282 29 16 315 473 917 296 88 746 161 668 888 460 848 
875 688 251 356 752 177 182 12 861 937 159 312 177 179 585 863 525 624 885 62 284 
454 693 418 410 528 661 504 575 790 343 426 483 310 782 757 620 635 941 337 253 429 
560 281 594 793 771 283 657 299 386 794 763 977 105 82 132 697 717 979 286 998 466 
106 317 975 559 900 895 673 167 941 466 654 113 361 42 278 530 520 267 741 57 743 
620 644 852 668 141 372 473 866 994 737 279 966 328 788 622 249 912 707 572 184 842 
773 370 88 267 432 494 102 50 286 314 14 128 296 909 137 678 793 473 29 459 78 
597 824 957 315 299 620 416 930 396 698 517 337 795 192 117 65 128 900 727 198 790 
902 734 780 622 721 542 822 173 219 152 101 996 766 204 287 63 181 22 149 16 314 
653 594 140 447 616 65 958 684 809 902 867 753 758 24 862 156 486 93 13 541 650 
502 492 80 324 357 904 755 291 181 406 369 127 952 301 54 195 862 114 796 297 285 
842 797 698 268 405 610 821 93 417 755 704 218 325 560 597 343 495 752 887 920 72 
935 917 516 158 29 158 202 554 13 518 163 764 388 688 529 555 827 884 6 721 437 
707 264 407 37 329 292 189 698 417 272 884 588 487 85 576 44 450 373 608 383 753 
745 591 228 504 438 984 214 35 713 14 819 922 737 714 6 613 644 856 242 594 524 
316 176 325 851 97 123 959 741 362 922 610 470 805 445 331 868 196 988 889 21 830 
717 558 508 518 772 36 768 50 919 305 437 671 211 710 703 482 409 444 452 578 685 
720 402 564 449 761 2 527 333 623 899 922 834 694 993 227 839 739 959 770 851 311 
386 548 12 410 224 708 400 306 730 311 393 203 70 478 838 489 872 146 633 132 9 
723 995 51 688 313 982 125 745 535 812 315 523 917 868 986 159 965 246 352 573 680 
111 973 697 370 30 924 286 819 311 641 713 183 144 293 634 849 715 848 742 243 164 
894 313 113 571 558 946 895 147 799 295 175 796 963 131 816 95 809 829 379 297 861 
995 400 809 419 950 969 748 356 335 309 385 728 995 232 881 197 419 120 265 734 55 
347 451 136 452 304 458 601 700 259 717 297 69 221 941 606 764 411 602 890 531 829 
75 744 193 274 597 304 641 946 807 422 486 884 811 242 901 538 126 91 875 489 972 
941 81 709 542 973 517 973 997 946 35 651 724 671 235 535 185 534 837 660 868 999 
603 234 115 753 645 974 533 784 107 399 429 880 566 610 802 441 264 593 157 507 246 
303 170 716 834 911 683 568 390 765 897 544 430 749 340 470 781 980 461 752 763 452 
730 387 525 651 962 177 533 733 42 654 956 761 607 656 941 898 332 341 612 447 998 
242 71 77 662 681 100 140 511 546 451 639 482 829 117 8 686 918 469 995 115 418 
189 753 881 978 893 288 340 350 48 873 91 916 407 699 65 233 786 558 243 822 859 
858 28 63 198 609 454 112 223 274 345 928 594 919 657 43 496 10 722 347 865 659 
519 103 165 461 965 462 255 714 729 645 524 764 753 968 784 758 169 78 795 66 132 
496 282 652 254 619 408 518 928 107 695 405 444 906 81 508 585 498 316 376 1 719 
454 685 705 449 356 815 784 8 961 466 452 529 526 22 346 113 597 173 444 895 562 
159 680 142 972 889 350 722 704 689 138 156 39 941 507 969 785 284 675 40 810 404 
713 459 60 854 723 341 573 864 191 70 955 417 628 499 197 642 652 81 619 851 877 
474 681 524 217 